25, 1043, 8, 3, 469, 876, 80, 16, 15, 13, 401, 315, 1029, 478
691, 1288, 1108, 1155, 469, 522, 467, 1125, 626, 604, 687, 558, 540
25, 35, 723, 0, 15, 13, 1020, 1108, 699, 931, 872, 213, 721
1146, 600, 1390, 1392, 691, 695, 604, 613, 542, 522, 489, 511, 1103
1108, 1322, 1350, 1146, 1392, 1225, 1206, 1404, 1133, 1323, 1301, 1184
556, 755, 463, 112, 13, 911, 80, 25, 156, 401, 578, 723, 432
103, 237, 469, 81, 264, 92, 478, 80, 125, 481, 533, 534, 238
1150, 1279, 1261, 1378, 1254, 1164, 1246, 1400, 1133, 1136, 1360, 1142, 1157
788, 746, 763, 701, 795, 761, 741, 722, 799, 708, 713, 755, 712
962, 956, 870, 980, 993, 982, 968, 933, 871, 172, 861, 850, 860
658, 1266, 1338, 1244, 1417, 1222, 1146, 1164, 1416, 1295, 1275, 1279, 504, 1129
9, 1029, 80, 286, 1133, 1043, 478, 65, 13, 1146, 1108, 463, 26, 471, 4, 244
558, 511, 522, 482, 604, 467, 626, 600, 489, 1288, 526, 542, 666, 469
80, 721, 401, 972, 112, 931, 25, 723, 872, 699, 897, 156, 915
612, 1387, 695, 1146, 533, 511, 601, 462, 1390, 522, 690, 514, 605, 540
1225, 1323, 1350, 1404, 1322, 1360, 1254, 1279, 1261, 1383, 1301, 1400, 1378
889, 4, 722, 401, 1042, 713, 712, 156, 5, 25, 80, 746, 741, 112
273, 534, 125, 92, 239, 465, 478, 70, 536, 238, 679, 103, 81, 85
1150, 1254, 1261, 1378, 1157, 1142, 1133, 1390, 1400, 1360, 1164, 1279, 1136
463, 402, 13, 286, 9, 1146, 471, 1108, 1029, 244, 26, 4, 478, 65, 80, 1043, 328